"","Arabinose","Galactose","Glucose","Mannose","Rhamnose","Xylose","Lignin"
"Arabinose",1,-0.32,-0.24,0.46,0.25,0.08,0.07
"Galactose",-0.32,1,-0.17,-0.36,0.13,-0.42,0.12
"Glucose",-0.24,-0.17,1,-0.09,0.21,0.49,-0.88
"Mannose",0.46,-0.36,-0.09,1,0.07,0.17,0.03
"Rhamnose",0.25,0.13,0.21,0.07,1,0.54,-0.57
"Xylose",0.08,-0.42,0.49,0.17,0.54,1,-0.75
"Lignin",0.07,0.12,-0.88,0.03,-0.57,-0.75,1
